Griggsport  (708,736)
Krunigston  (1715,445)
Swinth  (418,835)
Fisherrock  (1664,549)
Shoarstone  (547,652)
Meath  (79,130)
LZ008  (870,162)
LZ009  (950,154)
LZ006  (616,143)
LZ007  (772,167)  (709,167)
Summerton  (756,449)
LZ004  (414,134)
LZ165  (1636,119)
LZ166  (1737,123)
LZ005  (566,165)
LZ002  (223,132)
LZ163  (1555,103)
LZ003  (326,128)
LZ164  (1569,128)
LZ169  (1561,560)
Arthurstone  (1464,321)
LZ001  (117,172)
LZ167  (429,62)
LZ168  (1055,659)
LZ160  (1651,53)
LZ162  (1772,56)
LZ161  (1738,0)
Lizzel  (129,444)
Westally  (1058,705)
LZ152  (1336,829)
LZ153  (1429,818)
Bertshill  (654,851)
LZ154  (1556,808)
LZ156  (1619,786)
LZ157  (1337,904)
LZ158  (1516,21)  (1564,0)
LZ159  (1637,0)
Rockcliff  (1161,503)
LZ151  (1272,887)
SZ32  (27,897)  (74,945)  (26,945)  (0,849)  (48,849)  (75,897)
SZ33  (704,934)  (656,959)  (752,914)
Perdal  (304,807)
LZ150  (1208,813)
Hallu  (810,676)
SZ30  (940,750)
SZ31  (935,825)
Moser  (1513,807)
SZ38  (1692,892)  (1644,939)  (1644,891)  (1739,940)  (1692,844)  (1740,844)  (1740,892)
SZ39  (686,90)
Walder  (1616,401)
SZ36  (1289,953)  (1241,959)  (1337,952)  (1217,911)
SZ37  (1489,922)  (1441,959)  (1441,911)  (1489,874)  (1537,881)  (1537,929)
SZ34  (879,935)  (831,959)  (831,911)  (927,909)  (927,957)
SZ35  (1081,940)  (1033,959)  (1129,927)
Canate  (206,351)
LZ149  (1129,831)
LZ147  (1565,746)
LZ148  (1064,872)
LZ145  (1419,757)
LZ146  (1515,730)
LZ143  (1335,728)
LZ144  (1464,707)
Fallowstone  (250,856)
LZ141  (1207,724)
LZ142  (1276,772)
Callascastle  (553,506)
LZ140  (1164,728)
Cesston  (405,754)
Kelnerpoint  (1036,48)
Forrestowe  (506,955)
SZ40  (910,101)
LZ138  (1072,767)
LZ139  (1111,729)
LZ134  (1440,606)
LZ135  (1470,664)
LZ136  (1527,626)
LZ137  (1622,601)
Plinia  (406,350)
LZ130  (1226,596)
LZ131  (1212,654)
Zork  (1502,97)
LZ132  (1366,609)
Gilmy  (1425,272)
LZ133  (1348,660)
Jonton  (1011,104)
Telly  (754,303)
Ashby  (1245,642)
Valmoc  (952,337)
Fweldon  (150,930)
Ilskenrock  (1313,402)
Coober  (607,201)
Felmer  (352,654)
Fairhope  (207,284)
Kannelstowe  (1565,818)
Mrinton  (709,555)
Kirchin  (1666,451)
Carrowrock  (939,553)
Sallow  (1314,604)
Gurryton  (1255,835)
LZ098  (232,958)
LZ097  (230,909)
LZ099  (326,909)
Greenlot  (307,711)
Sullyport  (1003,847)
Cottonport  (728,127)
Hallowhead  (1339,340)
Cliffton  (1116,547)
Torquelstone  (249,317)
Fennelstone  (1718,47)
LZ077  (909,607)
LZ078  (161,766)  (110,710)
LZ075  (758,629)
LZ076  (815,611)  (868,667)
Maidenhorn  (1060,809)
LZ079  (226,735)
LZ081  (362,732)
Gunnerstowe  (1461,404)
LZ080  (309,759)
LZ085  (634,734)
LZ084  (510,712)  (557,713)  (564,758)
LZ083  (415,711)  (459,734)
LZ082  (336,768)
LZ086  (741,709)  (708,771)
LZ087  (129,818)
LZ088  (197,810)
LZ089  (254,825)
LZ090  (310,870)  (354,870)  (363,829)
LZ092  (463,872)
LZ091  (453,801)
LZ094  (615,868)  (663,816)
LZ093  (529,836)
LZ096  (178,913)
Windstone  (811,147)
LZ095  (707,866)
Belport  (1715,556)
Ravenstone  (454,102)
Eastport  (1033,248)
Thweln  (657,404)
LZ059  (650,509)
Casterock  (305,248)
LZ057  (511,510)  (511,563)
LZ058  (597,543)
LZ055  (421,505)
LZ056  (426,556)
LZ053  (227,529)
LZ054  (317,535)
LZ063  (858,528)
LZ062  (808,526)
LZ061  (769,567)
LZ060  (734,505)
Cranbay  (856,401)
Nespic  (1616,347)
LZ068  (404,613)
LZ069  (456,620)
LZ064  (911,521)
Karkon  (1251,726)
LZ065  (154,630)
Tunnerborg  (856,606)
LZ066  (229,633)
LZ067  (311,664)  (362,611)
LZ072  (508,656)
LZ071  (524,606)
LZ074  (707,632)
LZ073  (632,633)
LZ070  (433,665)
LZ115  (1469,460)
LZ034  (860,328)
LZ114  (1405,447)
LZ033  (809,325)
LZ113  (1334,468)
LZ032  (712,309)  (766,364)
LZ112  (1369,408)
LZ031  (627,352)
LZ111  (1220,436)  (1172,457)
LZ038  (224,427)
Subblerock  (305,606)
LZ110  (1640,368)
LZ037  (159,412)
LZ036  (1008,302)
LZ035  (913,305)  (954,305)  (915,354)
Bluegold  (3002,3002)
LZ039  (331,403)
LZ119  (1172,564)
LZ118  (1719,492)
Redgold  (3004,3004)
LZ117  (1625,463)
LZ116  (1539,434)
SZ13  (1642,228)
SZ12  (1492,222)  (1444,214)  (1540,202)  (1563,250)
Gilcrete  (149,156)
SZ15  (1088,331)  (1040,356)  (1136,303)  (1136,351)
SZ14  (1752,269)  (1769,317)  (1721,317)  (1717,221)  (1765,221)
SZ17  (1333,297)
SZ16  (1232,332)
SZ19  (25,481)  (50,529)  (2,529)  (0,433)  (48,433)
SZ18  (1652,306)
LZ040  (360,468)
LZ041  (421,406)
SZ11  (1336,224)
SZ10  (1167,214)  (1119,255)  (1215,202)  (1215,250)  (1263,202)  (1263,250)
LZ043  (526,392)
LZ124  (1529,516)
LZ042  (452,457)
LZ123  (1491,570)
LZ126  (1624,565)
LZ045  (615,406)
LZ125  (1629,502)
LZ044  (529,444)
LZ120  (1237,530)
LZ047  (730,388)
LZ046  (607,455)
LZ122  (1403,533)
LZ049  (810,401)
LZ121  (1337,531)
LZ048  (726,433)
LZ128  (1134,591)
LZ127  (1721,539)
LZ129  (1146,652)
SZ26  (1642,675)  (1669,723)
SZ25  (989,625)  (1037,606)
SZ24  (15,680)  (19,728)  (0,632)  (48,632)  (96,618)
SZ23  (1023,532)  (1071,505)
Torrenthall  (1415,652)
SZ29  (829,780)  (861,828)  (813,828)  (839,732)
SZ28  (756,796)
SZ27  (1747,682)  (1769,730)  (1721,730)  (1717,634)  (1765,634)
SZ22  (1756,507)  (1769,411)
LZ050  (903,396)
SZ21  (1025,431)  (977,457)  (977,409)  (1073,404)  (1073,452)  (929,457)  (1121,404)
LZ051  (797,461)
SZ20  (857,444)
LZ052  (136,527)
LZ016  (519,224)
LZ015  (419,225)
LZ014  (358,214)
LZ013  (233,218)
Eastbale  (1009,201)
LZ012  (1101,172)
LZ011  (1014,162)  (1064,160)  (1069,110)
LZ010  (993,67)
NZ15  (1461,1777)  (1461,1827)  (1461,1878)  (1461,1928)  (1461,1979)  (1461,2030)
Barleystowe  (509,753)
LZ019  (808,217)
LZ018  (730,225)
LZ017  (617,238)
NZ10  (1461,1418)  (1461,1468)  (1461,1518)  (1461,1569)  (1461,1620)  (1461,1671)
NZ12  (376,1778)  (376,1828)  (376,1878)  (376,1928)  (376,1978)  (376,2029)
NZ11  (13,1777)  (13,1827)  (13,1877)  (13,1927)  (13,1977)  (14,2028)
Mercia  (505,151)
NZ14  (1099,1778)  (1099,1828)  (1099,1878)  (1099,1928)  (1099,1978)  (1099,2028)
NZ13  (738,1778)  (738,1828)  (738,1878)  (738,1928)  (738,1978)  (738,2028)
Bol  (1463,519)
Blackborne  (709,348)
LZ025  (258,362)  (205,323)  (258,291)
Bearsrock  (149,709)
LZ024  (168,370)
LZ100  (328,958)
LZ027  (347,309)
LZ026  (303,342)
LZ102  (428,958)
LZ021  (909,226)
LZ020  (858,224)
LZ101  (429,909)
LZ104  (558,930)
Thunnerbarrow  (609,808)
LZ023  (1070,208)
LZ022  (958,231)
LZ103  (507,918)
LZ106  (1386,341)  (1313,367)
NZ06  (14,1417)  (14,1468)  (14,1518)  (14,1569)  (14,1620)  (14,1671)
LZ105  (608,904)
NZ07  (375,1418)  (375,1468)  (375,1518)  (375,1568)  (375,1618)  (375,1669)
LZ108  (1473,372)
NZ04  (1099,1057)  (1099,1107)  (1099,1157)  (1099,1208)  (1099,1259)  (1099,1309)
LZ107  (1417,328)  (1418,368)
NZ05  (1461,1057)  (1461,1107)  (1461,1157)  (1461,1207)  (1461,1258)  (1461,1309)
LZ029  (519,326)
LZ109  (1532,339)
LZ028  (465,312)  (416,311)
SZ09  (45,271)  (92,319)  (44,319)  (0,223)  (48,223)  (93,271)  (141,225)
NZ08  (737,1418)  (737,1469)  (737,1520)  (737,1570)  (737,1620)  (736,1671)
Cralak  (305,449)
NZ09  (1099,1418)  (1099,1468)  (1099,1518)  (1099,1568)  (1099,1618)  (1099,1668)
SZ08  (1508,149)
SZ07  (1369,64)  (1321,111)  (1321,63)  (1416,112)  (1369,16)  (1417,16)  (1417,64)  (1319,15)  (1464,152)
Bearbay  (78,750)
SZ06  (1184,64)  (1136,111)  (1136,63)  (1231,112)  (1184,16)  (1232,16)  (1232,64)  (1134,15)
Plud  (146,327)
SZ05  (975,12)  (927,34)
SZ04  (779,18)  (731,53)  (731,5)  (827,0)
NZ03  (737,1057)  (737,1107)  (737,1157)  (737,1207)  (737,1257)  (737,1307)
Tun  (1000,724)
SZ03  (582,21)  (534,53)  (534,5)  (630,0)  (630,48)
NZ02  (375,1057)  (375,1107)  (375,1157)  (375,1207)  (375,1257)  (375,1307)
SZ02  (304,27)  (256,42)  (352,0)  (208,43)  (400,0)  (448,0)
NZ01  (13,1057)  (13,1107)  (13,1157)  (13,1207)  (13,1257)  (13,1307)
SZ01  (64,57)  (16,104)  (16,56)  (64,9)  (112,9)  (112,57)  (14,8)  (28,152)
LZ030  (620,304)
Culne-by-Sea  (845,99)